Slime
5 50    6 6 1 1    3 4 1   0 0    1 1 1 1 1 1
Goblin delle Colline
15 50    10 10 1 1    10 5 1   20 20    6 6 1 1 1 1
Scheletro
30 50    13 13 15 15    20 10 1   50 200    0 0 7 6 1 1
Zombie
50 50    19 19 1 1    33 26 8   0 100   1 1 1 1 1 1
Troll
70 100    25 25 64 64    35 26 1   75 100    6 6 7 7 0 0
Occultista Iniziato
85 50    31 31 26 50    42 15 15   75 75    14 14 14 13 6 4
Occultista Guerriero
100 50    51 51 16 16    55 36 1   150 0    6 6 7 7 15 15
Occultista Stregone
100 50    40 40 30 60    45 1 36   0 150    13 13 9 9 3 3
Occultista Esperto
120 50    70 70 26 50    60 25 25   90 110    14 14 13 13 6 4
[31mViverna[0m
120 200    2000 2000 3 180    60 40 1   190 50    13 13 11 11 14 14